364
932
110
363
607
127
140
1057
104
937
84
1057
937
104
1432
140
183
867
364
127
2985
1267
931
4580
4979
1272
2450
4478
4558
4141
84
1057
937
104
1432
140
183
867
364
127
84
1057
937
104
1432
140
183
867
364
127
84
223
183
32
63
90
868
1432
51
21
4979
4478
4141
4836
1267
4580
931
2450
1272
4558
1267
3461
4541
4888
4864
4115
4981
4558
2985
4141
855
838
4997
4996
4995
4994
4993
4992
4991
4988
4558
4141
2985
2972
1267
4142
1572
3461
4981
3452
923
140
932
774
110
364
363
42
937
2695
364
932
110
363
607
127
140
1057
104
937
1267
931
4580
2632
2641
2672
2669
84
3461
3452
4558
2055
931
4739
4580
3531
2632
1267
2641
2440
4981
2985
4478
3919
4979
4652
4996
2450
1267
4854
1267
931
4580
4558
2672
2641
2632
84
4020
3461
364
932
110
363
607
127
140
1057
104
937
84
1057
937
104
1432
140
183
867
364
127
2985
1267
931
4580
4979
1272
2450
4478
4558
4141
84
1057
937
104
1432
140
183
867
364
127
84
1057
937
104
1432
140
183
867
364
127
84
223
183
32
63
90
868
1432
51
21
4979
4478
4141
4836
1267
4580
931
2450
1272
4558
1267
3461
4541
4888
4864
4115
4981
4558
2985
4141
855
838
4997
4996
4995
4994
4993
4992
4991
4988
4558
4141
2985
2972
1267
4142
1572
3461
4981
3452
923
140
932
774
110
364
363
42
937
2695
364
932
110
363
607
127
140
1057
104
937
1267
931
4580
2632
2641
2672
2669
84
3461
3452
4558
2055
931
4739
4580
3531
2632
1267
2641
2440
4981
2985
4478
3919
4979
4652
4996
2450
1267
4854
1267
931
4580
4558
2672
2641
2632
84
4020
3461
364
932
110
363
607
127
140
1057
104
937
84
1057
937
104
1432
140
183
867
364
127
2985
1267
931
4580
4979
1272
2450
4478
4558
4141
84
1057
937
104
1432
140
183
867
364
127
84
1057
937
104
1432
140
183
867
364
127
84
223
183
32
63
90
868
1432
51
21
4979
4478
4141
4836
1267
4580
931
2450
1272
4558
1267
3461
4541
4888
4864
4115
4981
4558
2985
4141
855
838
4997
4996
4995
4994
4993
4992
4991
4988
4558
4141
2985
2972
1267
4142
1572
3461
4981
3452
923
140
932
774
110
364
363
42
937
2695
364
932
110
363
607
127
140
1057
104
937
1267
931
4580
2632
2641
2672
2669
84
3461
3452
4558
2055
931
4739
4580
3531
2632
1267
2641
2440
4981
2985
4478
3919
4979
4652
4996
2450
1267
4854
1267
931
4580
4558
2672
2641
2632
84
4020
3461
364
932
110
363
607
127
140
1057
104
937
84
1057
937
104
1432
140
183
867
364
127
