248
224
1
212
141
57
139
165
68
169
54
56
134
60
68
212
164
152
184
55
1969
1381
1671
370
1475
1966
1696
1161
1159
650
54
56
134
60
68
212
164
152
184
55
54
56
134
60
68
212
164
152
184
55
54
56
164
212
184
60
134
55
391
141
1969
1520
1696
370
1671
1966
1381
1161
1159
1206
552
1296
1019
1475
108
1790
1920
1847
1937
1932
853
783
782
773
772
749
650
579
552
550
1317
1316
1315
1969
1847
1932
1933
1920
1475
108
248
876
224
141
212
1
585
57
681
169
248
224
1
212
141
57
139
165
68
169
1969
1696
1381
370
1317
1316
1315
1847
1671
1161
370
1969
470
1920
1847
372
108
1585
1287
1982
1969
1381
1475
370
1696
1966
1671
1161
1159
650
1381
370
1475
1969
1696
1161
1159
1671
108
470
248
224
1
212
141
57
139
165
68
169
54
56
134
60
68
212
164
152
184
55
1969
1381
1671
370
1475
1966
1696
1161
1159
650
54
56
134
60
68
212
164
152
184
55
54
56
134
60
68
212
164
152
184
55
54
56
164
212
184
60
134
55
391
141
1969
1520
1696
370
1671
1966
1381
1161
1159
1206
552
1296
1019
1475
108
1790
1920
1847
1937
1932
853
783
782
773
772
749
650
579
552
550
1317
1316
1315
1969
1847
1932
1933
1920
1475
108
248
876
224
141
212
1
585
57
681
169
248
224
1
212
141
57
139
165
68
169
1969
1696
1381
370
1317
1316
1315
1847
1671
1161
370
1969
470
1920
1847
372
108
1585
1287
1982
1969
1381
1475
370
1696
1966
1671
1161
1159
650
1381
370
1475
1969
1696
1161
1159
1671
108
470
248
224
1
212
141
57
139
165
68
169
54
56
134
60
68
212
164
152
184
55
1969
1381
1671
370
1475
1966
1696
1161
1159
650
54
56
134
60
68
212
164
152
184
55
54
56
134
60
68
212
164
152
184
55
54
56
164
212
184
60
134
55
391
141
1969
1520
1696
370
1671
1966
1381
1161
1159
1206
552
1296
1019
1475
108
1790
1920
1847
1937
1932
853
783
782
773
772
749
650
579
552
550
1317
1316
1315
1969
1847
1932
1933
1920
1475
108
248
876
224
141
212
1
585
57
681
169
248
224
1
212
141
57
139
165
68
169
1969
1696
1381
370
1317
1316
1315
1847
1671
1161
370
1969
470
1920
1847
372
108
1585
1287
1982
1969
1381
1475
370
1696
1966
1671
1161
1159
650
1381
370
1475
1969
1696
1161
1159
1671
108
470
248
224
1
212
141
57
139
165
68
169
54
56
134
60
68
212
164
152
184
55
