67
368
369
47
65
70
710
373
207
4
368
66
36
432
24
373
4
883
190
446
4469
8338
7423
8000
7048
8492
9486
8116
8101
6759
368
66
36
432
24
373
4
883
190
446
368
66
36
432
24
373
4
883
190
446
368
66
36
883
373
432
446
24
4
609
4469
8338
7423
8000
9552
8999
7048
8492
9486
8446
4469
8338
7187
7423
8999
9486
8446
9552
7048
8101
9994
9966
9952
9924
9885
9876
9875
9865
9842
9836
9472
8492
9730
8101
280
7226
8719
8446
9486
3674
65
204
47
369
4
373
710
499
368
623
67
368
369
47
65
70
710
373
207
4
9472
6143
8492
7423
7820
8338
4469
9730
9486
8446
9730
8446
3674
8492
9472
104
9363
280
8607
5107
4469
8338
7423
8000
9552
8999
7048
9486
8492
8446
6143
7820
8338
9486
4469
8446
3404
3403
3674
9472
67
368
369
47
65
70
710
373
207
4
368
66
36
432
24
373
4
883
190
446
4469
8338
7423
8000
7048
8492
9486
8116
8101
6759
368
66
36
432
24
373
4
883
190
446
368
66
36
432
24
373
4
883
190
446
368
66
36
883
373
432
446
24
4
609
4469
8338
7423
8000
9552
8999
7048
8492
9486
8446
4469
8338
7187
7423
8999
9486
8446
9552
7048
8101
9994
9966
9952
9924
9885
9876
9875
9865
9842
9836
9472
8492
9730
8101
280
7226
8719
8446
9486
3674
65
204
47
369
4
373
710
499
368
623
67
368
369
47
65
70
710
373
207
4
9472
6143
8492
7423
7820
8338
4469
9730
9486
8446
9730
8446
3674
8492
9472
104
9363
280
8607
5107
4469
8338
7423
8000
9552
8999
7048
9486
8492
8446
6143
7820
8338
9486
4469
8446
3404
3403
3674
9472
67
368
369
47
65
70
710
373
207
4
368
66
36
432
24
373
4
883
190
446
4469
8338
7423
8000
7048
8492
9486
8116
8101
6759
368
66
36
432
24
373
4
883
190
446
368
66
36
432
24
373
4
883
190
446
368
66
36
883
373
432
446
24
4
609
4469
8338
7423
8000
9552
8999
7048
8492
9486
8446
4469
8338
7187
7423
8999
9486
8446
9552
7048
8101
9994
9966
9952
9924
9885
9876
9875
9865
9842
9836
9472
8492
9730
8101
280
7226
8719
8446
9486
3674
65
204
47
369
4
373
710
499
368
623
67
368
369
47
65
70
710
373
207
4
9472
6143
8492
7423
7820
8338
4469
9730
9486
8446
9730
8446
3674
8492
9472
104
9363
280
8607
5107
4469
8338
7423
8000
9552
8999
7048
9486
8492
8446
6143
7820
8338
9486
4469
8446
3404
3403
3674
9472
67
368
369
47
65
70
710
373
207
4
368
66
36
432
24
373
4
883
190
446
