36
99
35
34
94
95
103
93
244
153
1
61
244
135
153
7
88
4
99
35
453
223
455
263
370
414
463
369
376
443
1
61
244
135
153
7
88
4
99
35
1
61
244
135
153
7
88
4
99
35
7
14
8
62
10
135
1
61
198
84
223
370
363
369
317
453
493
263
130
128
130
263
414
370
376
470
463
483
443
380
58
493
492
491
490
489
488
485
483
481
455
320
263
323
490
25
443
132
447
446
244
87
89
319
94
36
95
137
100
99
36
99
35
34
94
95
103
93
244
153
443
263
463
447
446
490
455
170
14
337
104
235
109
105
455
37
93
9
337
170
370
223
363
317
493
453
263
130
129
128
443
447
446
263
455
93
170
337
20
135
36
99
35
34
94
95
103
93
244
153
1
61
244
135
153
7
88
4
99
35
453
223
455
263
370
414
463
369
376
443
1
61
244
135
153
7
88
4
99
35
1
61
244
135
153
7
88
4
99
35
7
14
8
62
10
135
1
61
198
84
223
370
363
369
317
453
493
263
130
128
130
263
414
370
376
470
463
483
443
380
58
493
492
491
490
489
488
485
483
481
455
320
263
323
490
25
443
132
447
446
244
87
89
319
94
36
95
137
100
99
36
99
35
34
94
95
103
93
244
153
443
263
463
447
446
490
455
170
14
337
104
235
109
105
455
37
93
9
337
170
370
223
363
317
493
453
263
130
129
128
443
447
446
263
455
93
170
337
20
135
36
99
35
34
94
95
103
93
244
153
1
61
244
135
153
7
88
4
99
35
453
223
455
263
370
414
463
369
376
443
1
61
244
135
153
7
88
4
99
35
1
61
244
135
153
7
88
4
99
35
7
14
8
62
10
135
1
61
198
84
223
370
363
369
317
453
493
263
130
128
130
263
414
370
376
470
463
483
443
380
58
493
492
491
490
489
488
485
483
481
455
320
263
323
490
25
443
132
447
446
244
87
89
319
94
36
95
137
100
99
36
99
35
34
94
95
103
93
244
153
443
263
463
447
446
490
455
170
14
337
104
235
109
105
455
37
93
9
337
170
370
223
363
317
493
453
263
130
129
128
443
447
446
263
455
93
170
337
20
135
36
99
35
34
94
95
103
93
244
153
1
61
244
135
153
7
88
4
99
35
