339
282
28
105
294
128
260
277
131
27
22
263
4
132
128
267
294
124
269
264
535
928
935
995
633
877
885
699
18
919
22
263
4
132
128
267
294
124
269
264
22
263
4
132
128
267
294
124
269
264
22
32
28
23
128
263
132
124
4
294
639
954
972
535
803
122
633
877
935
928
699
633
623
622
665
877
782
18
973
940
996
995
989
988
985
984
983
982
981
976
49
699
694
861
714
729
940
885
877
18
282
330
339
135
373
534
285
277
337
105
339
282
28
105
294
128
260
277
131
27
699
928
877
18
940
535
973
919
20
732
928
699
877
919
921
973
940
925
944
18
535
928
995
847
935
888
324
633
18
711
928
699
885
877
935
973
18
940
582
20
339
282
28
105
294
128
260
277
131
27
22
263
4
132
128
267
294
124
269
264
535
928
935
995
633
877
885
699
18
919
22
263
4
132
128
267
294
124
269
264
22
263
4
132
128
267
294
124
269
264
22
32
28
23
128
263
132
124
4
294
639
954
972
535
803
122
633
877
935
928
699
633
623
622
665
877
782
18
973
940
996
995
989
988
985
984
983
982
981
976
49
699
694
861
714
729
940
885
877
18
282
330
339
135
373
534
285
277
337
105
339
282
28
105
294
128
260
277
131
27
699
928
877
18
940
535
973
919
20
732
928
699
877
919
921
973
940
925
944
18
535
928
995
847
935
888
324
633
18
711
928
699
885
877
935
973
18
940
582
20
339
282
28
105
294
128
260
277
131
27
22
263
4
132
128
267
294
124
269
264
535
928
935
995
633
877
885
699
18
919
22
263
4
132
128
267
294
124
269
264
22
263
4
132
128
267
294
124
269
264
22
32
28
23
128
263
132
124
4
294
639
954
972
535
803
122
633
877
935
928
699
633
623
622
665
877
782
18
973
940
996
995
989
988
985
984
983
982
981
976
49
699
694
861
714
729
940
885
877
18
282
330
339
135
373
534
285
277
337
105
339
282
28
105
294
128
260
277
131
27
699
928
877
18
940
535
973
919
20
732
928
699
877
919
921
973
940
925
944
18
535
928
995
847
935
888
324
633
18
711
928
699
885
877
935
973
18
940
582
20
339
282
28
105
294
128
260
277
131
27
22
263
4
132
128
267
294
124
269
264
