331
229
827
299
16
705
198
192
303
490
294
329
735
90
185
558
166
475
71
171
2
170
214
1
177
145
294
134
153
198
54
185
303
229
169
727
92
140
16
473
1571
1774
1722
1063
1903
1219
1095
1091
1865
1961
1317
1780
1226
1968
1065
725
689
681
1561
1973
2
170
214
1
177
145
294
134
153
198
54
185
303
229
169
727
92
140
16
473
2
170
214
1
177
145
294
134
153
198
54
185
303
229
169
727
92
140
16
473
2
170
1
177
214
145
90
71
294
473
153
16
299
134
198
169
303
185
323
22
1571
1895
1774
1260
1063
1095
1091
1865
1722
1219
1961
1317
1780
1903
1226
1968
1065
681
725
1973
48
1571
1895
1774
1722
1961
1317
1865
1730
689
681
1219
725
1903
1065
1226
1561
1968
864
665
994
993
972
907
872
871
869
864
761
725
714
711
689
681
665
62
61
58
548
547
1730
1720
1722
1833
1903
761
665
548
547
1961
689
1561
864
872
871
1562
1317
1403
1830
209
821
827
705
229
322
882
802
299
192
735
490
475
137
303
198
329
132
558
16
583
331
229
827
299
16
705
198
192
303
490
294
329
735
90
185
558
166
475
71
171
1903
1571
1063
1593
1219
1865
1065
725
1722
1730
1095
1091
1961
1968
1561
1973
1226
1317
1400
1833
1903
368
1219
1722
1065
1961
1400
1968
1561
1730
1830
725
1403
872
871
1833
1973
1411
1470
711
1571
1786
1895
1774
1722
1961
1317
1780
1095
1091
1063
1865
1219
1226
1968
1903
1065
681
689
1561
1571
1903
1095
1091
1219
1865
1722
1317
1961
1226
1065
1968
1033
1593
1561
725
1929
1400
681
1856
331
229
827
299
16
705
198
192
303
490
294
329
735
90
185
558
166
475
71
171
2
170
214
1
177
145
294
134
153
198
54
185
303
229
169
727
92
140
16
473
1571
1774
1722
1063
1903
1219
1095
1091
1865
1961
1317
1780
1226
1968
1065
725
689
681
1561
1973
2
170
214
1
177
145
294
134
153
198
54
185
303
229
169
727
92
140
16
473
2
170
214
1
177
145
294
134
153
198
54
185
303
229
169
727
92
140
16
473
2
170
1
177
214
145
90
71
294
473
153
16
299
134
198
169
303
185
323
22
1571
1895
1774
1260
1063
1095
1091
1865
1722
1219
1961
1317
1780
1903
1226
1968
1065
681
725
1973
48
1571
1895
1774
1722
1961
1317
1865
1730
689
681
1219
725
1903
1065
1226
1561
1968
864
665
994
993
972
907
872
871
869
864
761
725
714
711
689
681
665
62
61
58
548
547
1730
1720
1722
1833
1903
761
665
548
547
1961
689
1561
864
872
871
1562
1317
1403
1830
209
821
827
705
229
322
882
802
299
192
735
490
475
137
303
198
329
132
558
16
583
331
229
827
299
16
705
198
192
303
490
294
329
735
90
185
558
166
475
71
171
1903
1571
1063
1593
1219
1865
1065
725
1722
1730
1095
1091
1961
1968
1561
1973
1226
1317
1400
1833
1903
368
1219
1722
1065
1961
1400
1968
1561
1730
1830
725
1403
872
871
1833
1973
1411
1470
711
1571
1786
1895
1774
1722
1961
1317
1780
1095
1091
1063
1865
1219
1226
1968
1903
1065
681
689
1561
1571
1903
1095
1091
1219
1865
1722
1317
1961
1226
1065
1968
1033
1593
1561
725
1929
1400
681
1856
331
229
827
299
16
705
198
192
303
490
294
329
735
90
185
558
166
475
71
171
2
170
214
1
177
145
294
134
153
198
54
185
303
229
169
727
92
140
16
473
1571
1774
1722
1063
1903
1219
1095
1091
1865
1961
1317
1780
1226
1968
1065
725
689
681
1561
1973
2
170
214
1
177
145
294
134
153
198
54
185
303
229
169
727
92
140
16
473
2
170
214
1
177
145
294
134
153
198
54
185
303
229
169
727
92
140
16
473
2
170
1
177
214
145
90
71
294
473
153
16
299
134
198
169
303
185
323
22
1571
1895
1774
1260
1063
1095
1091
1865
1722
1219
1961
1317
1780
1903
1226
1968
1065
681
725
1973
48
1571
1895
1774
1722
1961
1317
1865
1730
689
681
1219
725
1903
1065
1226
1561
1968
864
665
994
993
972
907
872
871
869
864
761
725
714
711
689
681
665
62
61
58
548
547
1730
1720
1722
1833
1903
761
665
548
547
1961
689
1561
864
872
871
1562
1317
1403
1830
209
821
827
705
229
322
882
802
299
192
735
490
475
137
303
198
329
132
558
16
583
331
229
827
299
16
705
198
192
303
490
294
329
735
90
185
558
166
475
71
171
1903
1571
1063
1593
1219
1865
1065
725
1722
1730
1095
1091
1961
1968
1561
1973
1226
1317
1400
1833
1903
368
1219
1722
1065
1961
1400
1968
1561
1730
1830
725
1403
872
871
1833
1973
1411
1470
711
1571
1786
1895
1774
1722
1961
1317
1780
1095
1091
1063
1865
1219
1226
1968
1903
1065
681
689
1561
1571
1903
1095
1091
1219
1865
1722
1317
1961
1226
1065
1968
1033
1593
1561
725
1929
1400
681
1856
331
229
827
299
16
705
198
192
303
490
294
329
735
90
185
558
166
475
71
171
2
170
214
1
177
145
294
134
153
198
54
185
303
229
169
727
92
140
16
473
