6
187
313
232
156
283
293
492
140
240
389
57
21
122
129
390
77
232
34
189
815
901
950
993
730
857
856
948
669
992
389
57
21
122
129
390
77
232
34
189
389
57
21
122
129
390
77
232
34
189
389
57
21
122
390
129
232
77
6
156
335
911
815
948
993
730
901
998
947
881
669
880
879
950
576
599
931
930
929
901
999
998
993
992
990
988
985
981
979
972
931
930
929
772
880
879
599
576
586
585
453
251
421
561
560
369
233
293
557
123
6
187
313
232
156
283
293
492
140
240
815
730
993
992
901
950
911
880
879
669
815
950
993
730
909
992
676
669
772
948
815
901
950
857
856
993
730
948
669
880
815
950
669
901
993
730
992
676
948
880
6
187
313
232
156
283
293
492
140
240
389
57
21
122
129
390
77
232
34
189
815
901
950
993
730
857
856
948
669
992
389
57
21
122
129
390
77
232
34
189
389
57
21
122
129
390
77
232
34
189
389
57
21
122
390
129
232
77
6
156
335
911
815
948
993
730
901
998
947
881
669
880
879
950
576
599
931
930
929
901
999
998
993
992
990
988
985
981
979
972
931
930
929
772
880
879
599
576
586
585
453
251
421
561
560
369
233
293
557
123
6
187
313
232
156
283
293
492
140
240
815
730
993
992
901
950
911
880
879
669
815
950
993
730
909
992
676
669
772
948
815
901
950
857
856
993
730
948
669
880
815
950
669
901
993
730
992
676
948
880
6
187
313
232
156
283
293
492
140
240
389
57
21
122
129
390
77
232
34
189
815
901
950
993
730
857
856
948
669
992
389
57
21
122
129
390
77
232
34
189
389
57
21
122
129
390
77
232
34
189
389
57
21
122
390
129
232
77
6
156
335
911
815
948
993
730
901
998
947
881
669
880
879
950
576
599
931
930
929
901
999
998
993
992
990
988
985
981
979
972
931
930
929
772
880
879
599
576
586
585
453
251
421
561
560
369
233
293
557
123
6
187
313
232
156
283
293
492
140
240
815
730
993
992
901
950
911
880
879
669
815
950
993
730
909
992
676
669
772
948
815
901
950
857
856
993
730
948
669
880
815
950
669
901
993
730
992
676
948
880
6
187
313
232
156
283
293
492
140
240
389
57
21
122
129
390
77
232
34
189
