921
220
979
1093
130
171
285
414
52
266
616
660
155
1713
476
159
1030
365
611
1705
616
611
401
608
615
414
644
52
375
687
1030
130
96
220
294
604
24
266
402
684
4166
4206
4664
4485
4279
4261
4837
4818
4807
4689
2559
2716
4226
3166
3358
3250
4673
4785
3303
2924
616
611
401
608
615
414
644
52
375
687
1030
130
96
220
294
604
24
266
402
684
616
611
401
608
615
414
644
52
375
687
1030
130
96
220
294
604
24
266
402
684
616
611
608
687
615
52
921
414
266
130
644
401
1093
285
375
155
220
604
1030
249
4485
4206
4664
4166
4279
2559
3171
4261
4807
2716
3166
4226
4818
4837
4673
4689
3250
3358
4941
4785
4290
4182
4710
4709
4443
3844
4003
3171
4485
4912
4206
4166
4279
4664
2559
4807
4226
3166
2716
4673
4941
4912
4837
4833
4818
4807
4785
4710
4709
4689
4673
4664
4485
4443
4290
4279
4261
4226
4206
4182
4837
3358
4166
4261
3250
4279
4689
4818
4833
4664
4941
4785
4226
4206
2716
4807
866
4485
2559
3166
220
419
130
414
979
51
1819
171
1713
266
159
155
52
660
616
476
1030
365
1705
1084
921
220
979
1093
130
171
285
414
52
266
616
660
155
1713
476
159
1030
365
611
1705
4837
4166
4261
4279
3358
4664
4689
3250
4818
3303
2407
2822
4785
3345
866
4941
2741
4833
3734
1984
4166
4261
4837
3358
3345
866
3355
3734
859
1417
797
3321
2707
4186
619
850
3350
710
812
709
4290
4182
4443
4206
4485
4710
4709
4166
4279
4664
3844
4003
4912
3171
3166
4226
4673
2716
4261
2559
4664
4279
4261
4166
3303
4837
4818
4689
2407
3250
3358
3345
4833
866
3355
3734
3322
859
3321
1417
921
220
979
1093
130
171
285
414
52
266
616
660
155
1713
476
159
1030
365
611
1705
616
611
401
608
615
414
644
52
375
687
1030
130
96
220
294
604
24
266
402
684
4166
4206
4664
4485
4279
4261
4837
4818
4807
4689
2559
2716
4226
3166
3358
3250
4673
4785
3303
2924
616
611
401
608
615
414
644
52
375
687
1030
130
96
220
294
604
24
266
402
684
616
611
401
608
615
414
644
52
375
687
1030
130
96
220
294
604
24
266
402
684
616
611
608
687
615
52
921
414
266
130
644
401
1093
285
375
155
220
604
1030
249
4485
4206
4664
4166
4279
2559
3171
4261
4807
2716
3166
4226
4818
4837
4673
4689
3250
3358
4941
4785
4290
4182
4710
4709
4443
3844
4003
3171
4485
4912
4206
4166
4279
4664
2559
4807
4226
3166
2716
4673
4941
4912
4837
4833
4818
4807
4785
4710
4709
4689
4673
4664
4485
4443
4290
4279
4261
4226
4206
4182
4837
3358
4166
4261
3250
4279
4689
4818
4833
4664
4941
4785
4226
4206
2716
4807
866
4485
2559
3166
220
419
130
414
979
51
1819
171
1713
266
159
155
52
660
616
476
1030
365
1705
1084
921
220
979
1093
130
171
285
414
52
266
616
660
155
1713
476
159
1030
365
611
1705
4837
4166
4261
4279
3358
4664
4689
3250
4818
3303
2407
2822
4785
3345
866
4941
2741
4833
3734
1984
4166
4261
4837
3358
3345
866
3355
3734
859
1417
797
3321
2707
4186
619
850
3350
710
812
709
4290
4182
4443
4206
4485
4710
4709
4166
4279
4664
3844
4003
4912
3171
3166
4226
4673
2716
4261
2559
4664
4279
4261
4166
3303
4837
4818
4689
2407
3250
3358
3345
4833
866
3355
3734
3322
859
3321
1417
921
220
979
1093
130
171
285
414
52
266
616
660
155
1713
476
159
1030
365
611
1705
616
611
401
608
615
414
644
52
375
687
1030
130
96
220
294
604
24
266
402
684
4166
4206
4664
4485
4279
4261
4837
4818
4807
4689
2559
2716
4226
3166
3358
3250
4673
4785
3303
2924
616
611
401
608
615
414
644
52
375
687
1030
130
96
220
294
604
24
266
402
684
616
611
401
608
615
414
644
52
375
687
1030
130
96
220
294
604
24
266
402
684
616
611
608
687
615
52
921
414
266
130
644
401
1093
285
375
155
220
604
1030
249
4485
4206
4664
4166
4279
2559
3171
4261
4807
2716
3166
4226
4818
4837
4673
4689
3250
3358
4941
4785
4290
4182
4710
4709
4443
3844
4003
3171
4485
4912
4206
4166
4279
4664
2559
4807
4226
3166
2716
4673
4941
4912
4837
4833
4818
4807
4785
4710
4709
4689
4673
4664
4485
4443
4290
4279
4261
4226
4206
4182
4837
3358
4166
4261
3250
4279
4689
4818
4833
4664
4941
4785
4226
4206
2716
4807
866
4485
2559
3166
220
419
130
414
979
51
1819
171
1713
266
159
155
52
660
616
476
1030
365
1705
1084
921
220
979
1093
130
171
285
414
52
266
616
660
155
1713
476
159
1030
365
611
1705
4837
4166
4261
4279
3358
4664
4689
3250
4818
3303
2407
2822
4785
3345
866
4941
2741
4833
3734
1984
4166
4261
4837
3358
3345
866
3355
3734
859
1417
797
3321
2707
4186
619
850
3350
710
812
709
4290
4182
4443
4206
4485
4710
4709
4166
4279
4664
3844
4003
4912
3171
3166
4226
4673
2716
4261
2559
4664
4279
4261
4166
3303
4837
4818
4689
2407
3250
3358
3345
4833
866
3355
3734
3322
859
3321
1417
921
220
979
1093
130
171
285
414
52
266
616
660
155
1713
476
159
1030
365
611
1705
616
611
401
608
615
414
644
52
375
687
1030
130
96
220
294
604
24
266
402
684
