296
119
132
383
614
71
403
842
70
283
616
122
263
98
28
116
628
141
785
276
77
85
69
271
616
163
273
132
93
99
76
158
83
728
81
109
197
28
276
284
1452
1957
576
1822
995
1893
1201
1724
168
1121
1808
948
1116
1896
1513
1588
1324
323
1600
1680
77
85
69
271
616
163
273
132
93
99
76
158
83
728
81
109
197
28
276
284
77
85
69
271
616
163
273
132
93
99
76
158
83
728
81
109
197
28
276
284
85
77
728
69
271
616
163
99
93
81
28
83
132
276
273
109
277
379
76
158
1709
1957
576
1452
1822
1893
1724
1120
1811
168
995
1121
1808
1742
1116
1680
1896
1588
1600
1513
1452
1792
995
1651
323
1588
168
1724
1776
1201
1513
1121
1787
1808
1546
697
948
1626
1957
1116
995
969
949
948
942
941
940
933
909
725
724
723
719
709
697
66
576
57
56
53
323
909
1969
1776
1947
1970
1968
1967
1672
1787
1588
1546
1214
1484
995
1777
1624
1116
941
1513
707
119
739
614
71
70
296
132
802
628
153
590
263
294
769
141
407
105
616
157
296
119
132
383
614
71
403
842
70
283
616
122
263
98
28
116
628
141
785
276
1957
995
1452
576
1893
1822
1672
1121
323
1969
1116
1742
1546
1808
1968
1967
1970
1680
1947
1776
1957
1121
1644
709
1152
1896
1513
1624
1600
1895
1742
323
995
1588
1260
1680
949
1546
1141
1591
1452
1957
1822
576
1651
168
995
1201
1893
1724
1808
1121
948
1626
1116
1324
1588
1680
1896
1513
1452
1957
995
1121
1808
1600
948
1324
1896
1513
1588
1261
1895
1546
323
1644
1680
1787
1116
1742
296
119
132
383
614
71
403
842
70
283
616
122
263
98
28
116
628
141
785
276
77
85
69
271
616
163
273
132
93
99
76
158
83
728
81
109
197
28
276
284
1452
1957
576
1822
995
1893
1201
1724
168
1121
1808
948
1116
1896
1513
1588
1324
323
1600
1680
77
85
69
271
616
163
273
132
93
99
76
158
83
728
81
109
197
28
276
284
77
85
69
271
616
163
273
132
93
99
76
158
83
728
81
109
197
28
276
284
85
77
728
69
271
616
163
99
93
81
28
83
132
276
273
109
277
379
76
158
1709
1957
576
1452
1822
1893
1724
1120
1811
168
995
1121
1808
1742
1116
1680
1896
1588
1600
1513
1452
1792
995
1651
323
1588
168
1724
1776
1201
1513
1121
1787
1808
1546
697
948
1626
1957
1116
995
969
949
948
942
941
940
933
909
725
724
723
719
709
697
66
576
57
56
53
323
909
1969
1776
1947
1970
1968
1967
1672
1787
1588
1546
1214
1484
995
1777
1624
1116
941
1513
707
119
739
614
71
70
296
132
802
628
153
590
263
294
769
141
407
105
616
157
296
119
132
383
614
71
403
842
70
283
616
122
263
98
28
116
628
141
785
276
1957
995
1452
576
1893
1822
1672
1121
323
1969
1116
1742
1546
1808
1968
1967
1970
1680
1947
1776
1957
1121
1644
709
1152
1896
1513
1624
1600
1895
1742
323
995
1588
1260
1680
949
1546
1141
1591
1452
1957
1822
576
1651
168
995
1201
1893
1724
1808
1121
948
1626
1116
1324
1588
1680
1896
1513
1452
1957
995
1121
1808
1600
948
1324
1896
1513
1588
1261
1895
1546
323
1644
1680
1787
1116
1742
296
119
132
383
614
71
403
842
70
283
616
122
263
98
28
116
628
141
785
276
77
85
69
271
616
163
273
132
93
99
76
158
83
728
81
109
197
28
276
284
1452
1957
576
1822
995
1893
1201
1724
168
1121
1808
948
1116
1896
1513
1588
1324
323
1600
1680
77
85
69
271
616
163
273
132
93
99
76
158
83
728
81
109
197
28
276
284
77
85
69
271
616
163
273
132
93
99
76
158
83
728
81
109
197
28
276
284
85
77
728
69
271
616
163
99
93
81
28
83
132
276
273
109
277
379
76
158
1709
1957
576
1452
1822
1893
1724
1120
1811
168
995
1121
1808
1742
1116
1680
1896
1588
1600
1513
1452
1792
995
1651
323
1588
168
1724
1776
1201
1513
1121
1787
1808
1546
697
948
1626
1957
1116
995
969
949
948
942
941
940
933
909
725
724
723
719
709
697
66
576
57
56
53
323
909
1969
1776
1947
1970
1968
1967
1672
1787
1588
1546
1214
1484
995
1777
1624
1116
941
1513
707
119
739
614
71
70
296
132
802
628
153
590
263
294
769
141
407
105
616
157
296
119
132
383
614
71
403
842
70
283
616
122
263
98
28
116
628
141
785
276
1957
995
1452
576
1893
1822
1672
1121
323
1969
1116
1742
1546
1808
1968
1967
1970
1680
1947
1776
1957
1121
1644
709
1152
1896
1513
1624
1600
1895
1742
323
995
1588
1260
1680
949
1546
1141
1591
1452
1957
1822
576
1651
168
995
1201
1893
1724
1808
1121
948
1626
1116
1324
1588
1680
1896
1513
1452
1957
995
1121
1808
1600
948
1324
1896
1513
1588
1261
1895
1546
323
1644
1680
1787
1116
1742
296
119
132
383
614
71
403
842
70
283
616
122
263
98
28
116
628
141
785
276
77
85
69
271
616
163
273
132
93
99
76
158
83
728
81
109
197
28
276
284
