6
58
80
180
131
213
11
39
215
7
105
2
7
230
3
180
131
24
159
39
80
6
202
286
201
230
93
3
7
2
59
159
8
24
202
215
2
201
11
215
5
3
202
180
59
6
213
105
215
40
286
105
8
180
2
273
80
3
201
58
230
40
3
273
105
7
11
202
59
58
5
6
59
8
159
215
1
286
201
39
105
80
7
5
80
58
245
6
11
105
131
273
39
286
2
59
7
24
80
202
3
39
273
5
58
2
11
213
201
245
5
7
11
286
202
2
8
230
131
58
24
7
159
40
8
131
273
215
286
1
202
245
105
201
80
1
40
2
245
202
215
3
6
273
8
105
39
131
201
286
93
40
24
5
58
273
213
131
201
245
180
59
24
40
8
58
230
6
11
3
215
202
273
5
24
286
2
245
6
59
58
24
245
1
7
8
213
273
131
40
180
215
201
286
7
3
80
159
245
6
93
180
11
273
3
230
202
245
93
286
180
1
201
40
59
213
3
131
202
286
40
201
180
11
213
159
2
245
180
131
59
245
201
1
40
7
5
286
58
80
3
24
215
105
5
286
58
202
131
80
213
59
180
159
39
131
201
273
11
93
286
6
3
215
58
11
6
7
8
5
180
131
215
159
286
105
93
273
131
180
11
59
202
24
159
213
215
5
1
11
8
59
2
5
245
201
273
24
93
159
159
6
39
7
105
59
2
1
3
5
213
201
58
2
11
80
245
39
286
5
105
202
24
7
39
2
59
202
24
213
11
7
215
245
1
93
7
40
131
202
245
6
215
93
58
159
180
1
80
8
215
201
2
93
245
213
24
40
58
39
93
213
159
40
230
39
80
24
6
273
59
1
5
3
230
39
201
58
213
8
2
131
40
105
286
215
180
105
245
1
2
6
8
93
3
11
159
230
80
8
3
11
180
59
273
105
93
58
286
93
6
80
7
180
1
245
131
3
5
11
213
8
93
3
11
39
1
5
245
58
105
2
7
202
286
80
3
11
213
273
230
180
2
59
40
1
93
213
8
273
230
3
5
58
7
59
159
180
105
6
7
1
5
59
245
58
201
3
159
11
39
215
58
8
180
24
131
80
201
230
1
273
245
11
180
3
59
159
6
131
5
58
8
6
245
3
5
40
93
213
59
159
80
273
273
2
215
105
230
5
93
7
59
40
8
6
24
58
80
245
286
5
6
11
93
3
7
202
202
180
11
201
215
8
159
2
230
93
7
245
213
131
286
24
7
40
159
2
1
5
245
230
3
11
202
159
215
131
7
8
58
5
230
93
80
40
24
131
215
202
273
201
105
2
8
180
286
24
230
80
131
105
3
2
8
93
7
180
58
40
273
286
8
2
213
215
93
24
230
105
