61
63
129
99
132
14
243
20
183
12
111
297
57
132
95
41
392
14
11
7
90
100
13
27
246
41
95
57
295
392
100
90
132
63
14
61
11
90
132
63
41
95
131
12
111
99
20
7
100
14
41
295
90
129
57
99
183
7
95
11
132
99
61
11
246
20
27
111
14
129
57
295
392
7
63
129
246
11
41
20
100
61
243
95
243
183
90
12
7
20
13
11
95
131
61
41
20
392
131
111
246
129
41
63
14
95
295
183
11
99
7
41
129
131
90
95
295
132
27
61
63
90
95
297
7
131
132
61
129
243
20
100
27
99
13
132
131
11
90
100
183
295
129
63
183
295
7
392
132
57
41
95
27
111
61
14
14
297
13
392
132
63
90
243
129
11
111
7
132
95
57
20
100
246
111
129
243
295
63
183
12
95
90
392
11
41
129
63
27
13
57
61
129
27
63
95
11
41
132
20
7
111
295
13
14
12
90
41
243
95
297
13
61
129
392
11
95
20
132
27
295
131
41
243
129
14
297
99
12
129
61
295
14
57
297
95
20
100
13
41
111
131
99
57
100
392
61
132
13
63
183
20
14
243
41
7
63
246
129
132
61
99
13
12
297
392
295
13
63
132
7
246
183
20
12
11
13
99
246
111
27
90
183
41
14
57
392
12
132
295
63
100
183
41
13
20
90
243
246
111
7
100
13
131
12
90
132
14
27
243
11
57
27
129
246
95
243
7
90
295
41
57
13
20
297
183
129
41
243
99
11
246
57
20
295
63
297
7
57
90
99
20
132
13
14
246
61
95
132
243
61
131
392
111
20
129
99
100
14
246
90
100
295
11
111
246
183
95
129
14
27
392
246
7
183
20
41
11
297
295
14
100
392
132
7
20
95
14
100
11
246
132
297
295
111
63
61
57
14
243
297
7
246
129
392
20
12
11
90
57
100
111
392
63
13
61
246
7
131
11
57
99
131
90
41
13
11
12
129
20
14
183
111
95
297
131
99
295
132
129
41
100
20
90
295
132
41
13
27
111
183
90
246
100
131
63
11
57
12
14
392
295
27
132
297
99
13
100
57
297
132
95
7
183
12
129
11
131
61
90
12
392
111
13
20
132
295
100
61
27
90
246
14
90
63
132
297
295
100
246
243
27
12
13
392
100
7
243
20
61
57
13
11
14
297
129
111
14
392
131
27
99
90
129
11
12
7
295
243
246
100
99
27
90
20
12
183
132
13
111
183
246
95
11
111
14
41
90
295
57
27
243
41
7
27
243
111
131
246
90
95
392
183
14
90
41
131
392
11
20
13
14
100
243
63
7
63
90
295
27
57
14
183
20
100
41
12
7
246
99
41
27
90
20
57
297
111
61
13
100
