53
111
11
19
52
2
5
56
75
113
119
54
17
52
54
119
19
60
111
75
108
18
42
83
2
42
83
53
76
108
113
18
60
5
57
182
108
57
67
42
53
115
83
75
1
80
111
54
60
83
115
42
52
56
76
80
53
75
57
111
108
53
111
56
80
182
113
115
75
67
42
76
1
75
111
108
76
42
2
5
67
80
83
19
83
17
76
19
111
75
18
11
113
80
115
67
80
54
113
119
17
108
19
18
76
52
42
60
113
57
83
108
56
182
76
54
5
119
80
11
11
2
52
119
115
83
54
182
53
56
19
67
2
76
42
5
108
80
52
53
83
119
19
1
119
17
52
11
115
1
56
76
2
75
113
182
2
56
108
80
52
75
17
67
11
42
83
60
19
42
182
56
108
57
11
2
111
17
52
53
113
52
56
53
75
60
108
5
111
182
83
54
11
113
54
119
18
42
57
56
5
76
52
83
111
52
108
1
5
57
113
18
115
42
17
53
19
108
18
17
80
111
182
5
57
115
2
60
17
60
1
67
53
18
119
11
108
56
57
42
111
67
119
83
182
42
57
76
18
11
17
1
115
5
1
53
56
60
11
2
75
42
19
67
67
5
11
113
18
75
111
2
53
83
115
76
57
19
83
52
2
182
17
111
1
11
53
115
75
2
1
57
42
182
76
115
53
56
11
119
67
119
113
5
56
111
115
42
2
76
80
53
18
57
42
54
52
53
83
2
67
5
111
119
111
2
60
108
119
115
56
76
80
113
83
75
60
53
57
52
42
18
11
119
56
182
80
67
113
111
56
1
18
76
83
54
60
115
42
108
111
54
5
56
80
108
53
67
17
11
113
2
1
17
11
67
18
75
115
182
52
83
108
42
53
75
119
108
115
54
111
60
57
83
2
18
42
113
11
60
83
111
52
75
53
80
57
2
1
75
67
80
17
119
42
83
18
54
113
111
1
17
52
182
67
18
60
56
42
57
54
115
42
5
1
83
19
108
17
76
56
57
54
119
67
182
18
2
52
19
42
57
111
108
53
83
80
115
42
54
111
182
83
119
60
17
57
5
113
56
57
5
83
17
2
182
18
115
53
108
113
67
11
17
57
83
75
111
56
19
53
54
113
108
111
57
2
1
115
119
56
75
42
67
108
119
57
76
17
42
1
80
19
54
75
56
19
119
67
5
83
182
108
42
115
53
1
11
1
17
5
67
119
11
76
108
52
80
18
56
83
67
18
56
115
76
2
182
42
19
1
108
83
111
52
53
76
113
56
57
60
80
11
54
1
54
111
108
53
11
18
75
56
52
42
60
182
11
52
76
75
80
108
1
19
18
17
67
113
111
67
119
80
11
182
1
60
57
76
5
