216
73
62
58
99
273
217
101
223
35
141
104
234
101
38
99
215
216
91
223
217
37
58
9
216
97
273
223
99
143
37
101
215
217
6
73
217
38
6
60
97
19
127
91
37
35
58
101
91
35
37
1
223
19
27
234
273
141
216
73
58
101
234
141
19
99
143
127
1
73
38
273
27
127
104
101
35
217
37
6
1
215
58
223
38
104
58
127
6
141
101
234
273
73
60
99
141
127
73
215
19
223
143
9
97
37
91
35
9
215
38
216
91
127
1
6
99
217
58
35
73
1
217
6
143
9
104
215
216
38
60
99
58
37
99
141
273
62
234
216
60
19
73
6
73
62
215
9
35
127
99
273
141
6
104
1
6
273
104
215
216
141
62
217
9
234
27
101
143
6
9
60
73
141
37
97
104
216
58
38
223
273
60
73
104
6
62
97
127
99
27
37
215
141
19
127
216
37
73
223
38
27
6
62
215
58
62
234
216
37
273
6
27
1
97
104
6
101
215
104
216
223
62
37
9
141
97
234
97
217
91
101
35
215
234
104
62
1
216
73
9
99
6
27
62
143
127
73
35
104
38
273
97
37
27
19
9
143
62
234
223
104
127
216
143
101
104
37
38
73
62
6
35
27
215
91
217
99
127
9
19
273
91
6
141
143
58
37
143
62
58
223
37
127
234
273
38
6
97
217
19
215
141
234
73
104
60
101
223
37
216
9
99
27
9
234
35
19
73
58
1
60
6
216
58
273
216
99
35
1
60
101
127
73
62
217
62
101
141
216
35
19
273
217
60
9
1
97
19
35
97
104
73
215
1
38
6
62
217
143
127
58
223
6
101
1
38
99
60
62
91
216
215
19
1
73
99
223
62
127
6
216
38
27
62
58
37
141
127
223
101
38
99
27
73
97
127
37
6
73
223
62
234
58
60
27
99
104
35
99
37
141
60
38
97
217
216
273
91
143
141
234
273
6
19
216
60
37
215
38
73
217
62
216
273
58
223
1
73
35
104
37
217
99
35
141
37
143
234
91
216
62
99
38
60
9
35
101
38
217
1
141
91
273
99
127
58
104
223
273
35
19
73
234
97
215
60
6
127
99
97
99
91
141
27
101
104
127
217
60
58
9
143
27
104
37
19
99
9
223
216
60
38
58
58
104
99
60
37
127
91
234
27
217
273
35
38
273
60
73
101
35
223
127
27
234
37
217
234
19
9
37
6
91
104
101
143
97
35
273
223
58
234
38
27
1
143
91
73
104
141
127
9
273
97
1
27
62
99
60
223
38
35
19
104
141
1
27
35
234
62
73
97
223
91
9
97
104
223
1
141
9
6
217
58
60
35
143
73
9
58
234
216
27
104
127
215
35
97
91
