172
16
118
48
57
4
107
252
119
128
90
120
107
172
119
57
51
90
61
179
252
16
110
120
59
51
10
4
118
120
57
48
16
252
179
107
48
118
107
177
120
252
51
157
31
10
90
57
52
118
107
177
172
90
57
34
128
61
10
16
48
118
52
128
16
34
119
177
61
13
59
10
174
16
179
59
4
61
252
52
157
177
172
90
107
252
16
172
119
118
31
4
128
179
52
61
31
16
119
128
59
51
4
172
177
107
52
34
110
57
61
107
59
177
16
157
51
52
48
119
128
34
48
10
51
177
179
157
119
16
118
13
110
10
4
119
128
177
179
90
16
252
157
59
31
34
59
252
119
120
51
174
16
61
172
157
177
13
57
90
119
34
128
31
4
118
157
61
10
4
174
57
51
107
177
16
31
119
13
52
174
118
179
110
13
34
51
157
107
172
10
4
172
48
4
174
118
119
59
179
34
90
120
51
52
48
31
174
179
120
13
172
61
34
57
10
179
13
90
57
119
31
172
4
10
61
157
118
120
107
48
34
90
177
172
4
52
128
157
16
110
90
177
172
252
51
118
4
128
10
34
174
57
179
51
34
119
13
128
110
120
172
52
10
174
48
120
51
172
61
34
110
252
59
52
177
174
107
34
110
128
157
51
52
57
177
172
90
179
31
118
172
57
252
51
48
110
16
119
157
31
128
48
59
57
157
16
4
110
107
118
177
128
34
13
107
174
16
59
4
179
110
90
10
48
157
16
61
59
128
10
57
174
4
118
120
179
90
61
157
119
177
107
172
57
52
110
4
128
4
172
174
177
48
61
110
31
120
157
118
10
61
90
157
59
174
13
34
252
128
177
51
34
119
177
118
4
31
174
59
90
48
16
13
13
59
61
172
48
57
252
52
34
128
157
16
118
90
57
172
4
174
252
177
179
51
31
128
90
179
172
61
59
177
252
157
34
120
110
128
110
61
179
174
128
52
252
16
13
107
119
157
16
4
57
48
128
34
61
118
10
13
172
177
31
157
172
52
57
51
174
61
179
119
90
13
157
174
110
59
10
172
252
48
31
61
177
51
48
16
107
59
13
179
128
110
61
174
52
51
57
179
90
120
157
177
118
110
10
16
52
128
34
61
52
118
110
51
48
16
59
157
10
119
31
13
172
119
51
120
4
128
157
90
10
177
119
51
59
179
16
10
252
110
172
174
4
61
90
128
110
107
252
13
174
10
177
48
119
157
4
59
110
119
90
177
57
157
16
107
61
13
57
120
59
118
157
16
174
31
51
172
4
110
120
107
57
51
119
4
172
110
52
118
59
31
177
107
157
59
48
179
51
119
57
172
174
31
179
252
174
51
157
48
13
10
57
172
31
107
